{
	"ak47": {
		"ch": {
			"playside": [
				30.29, 6.69, 48.3, 14.72,
				30.29, 6.69, 48.3, 14.72,
				20.36, 4.33, 57.82, 17.5,
				21.36, 7.91, 53.28, 17.45,
				41.6, 5.96, 36.32, 16.12,
				38.92, 11.38, 36.35, 13.35,
				45.43, 11.35, 30.71, 12.51,
				26.86, 8.35, 50.42, 14.37,
				40.44, 7.95, 36.61, 15,
				30.6, 5.56, 44.64, 19.2,
				30.53, 4.63, 47.62, 17.23,
				31.68, 7.41, 45.9, 15,
				14.73, 3.52, 62.19, 19.56,
				32.31, 5.15, 46.11, 16.42,
				41.69, 7.73, 35.14, 15.45,
				29.98, 9.08, 48.3, 12.63,
				31.07, 9.44, 46.28, 13.21,
				29.14, 10.82, 46.4, 13.64,
				33.65, 5.67, 45.43, 15.24,
				41.06, 6.75, 35.65, 16.54,
				25.9, 6.29, 52.04, 15.77,
				30.22, 7.98, 47.27, 14.53,
				21.79, 7.95, 55.58, 14.68,
				11.24, 4.56, 65.24, 18.95,
				23.31, 5.78, 52.95, 17.96,
				30.4, 9.78, 45.97, 13.85,
				34.43, 10.03, 41.38, 14.15,
				33.34, 14.59, 37.26, 14.81,
				27.58, 9.36, 50.2, 12.86,
				49.01, 7.55, 31.17, 12.27,
				33.48, 5.26, 43.69, 17.58,
				28.3, 5.27, 49.27, 17.16,
				19.09, 9.59, 57.32, 13.99,
				28.25, 5.45, 51.69, 14.61,
				44.82, 8.29, 33.33, 13.56,
				39.6, 11.34, 36.57, 12.48,
				25.22, 7.43, 54.1, 13.25,
				35.77, 7.46, 42.45, 14.31,
				23.99, 5.61, 52.19, 18.2,
				26.26, 6.73, 51.35, 15.66,
				34.07, 4.69, 43.49, 17.75,
				21.13, 2.96, 58.78, 17.13,
				24.31, 11.94, 49.44, 14.31,
				36.7, 8.46, 41.68, 13.17,
				15.37, 8.65, 60.81, 15.17,
				13.88, 5.95, 60.68, 19.5,
				17.71, 9.64, 59.03, 13.62,
				33.48, 7.34, 46.01, 13.17,
				32.16, 9.16, 45.09, 13.58,
				40.89, 10.8, 35.19, 13.12,
				32.6, 11.05, 43.76, 12.59,
				23.96, 8.01, 52.26, 15.78,
				20.72, 8.71, 54.31, 16.25,
				29.14, 10.57, 46.86, 13.43,
				22.98, 9.39, 51.57, 16.05,
				29.21, 4.53, 45, 21.26,
				43.44, 5.28, 36.07, 15.21,
				32.52, 9.09, 43.14, 15.25,
				28.56, 3.31, 50.37, 17.75,
				33.45, 7.46, 42.34, 16.76,
				26.8, 5.7, 51.85, 15.64,
				28.3, 5.43, 49.48, 16.79,
				27.69, 7.3, 49.91, 15.09,
				24.55, 7.49, 54.06, 13.9,
				30.28, 5.27, 46.55, 17.9,
				27.95, 3.31, 47.68, 21.07,
				22.63, 4.23, 51.14, 21.99,
				33.92, 4.64, 44.74, 16.71,
				29.15, 12.75, 44.38, 13.72,
				26.12, 11.3, 47.28, 15.3,
				18.29, 11.79, 55.87, 14.05,
				29.55, 5.87, 46.91, 17.66,
				36.67, 5.63, 40.61, 17.09,
				48.23, 4.94, 31.26, 15.57,
				30.78, 4.61, 47.89, 16.72,
				15.57, 8.41, 61.65, 14.37,
				19.87, 8.88, 53.1, 18.15,
				26.9, 7.66, 48.97, 16.47,
				36.41, 7.97, 42.14, 13.48,
				31.45, 11.77, 43.83, 12.96,
				23.85, 6.57, 53.13, 16.45,
				30.94, 7.54, 46, 15.52,
				21.74, 3.29, 55.65, 19.31,
				13.19, 4.17, 66.03, 16.62,
				24.24, 3.88, 55.67, 16.21,
				23.14, 8.68, 54.18, 14,
				34.8, 12.21, 40, 12.98,
				18.04, 4.68, 54.5, 22.78,
				29.94, 6.79, 47.16, 16.11,
				17.21, 4.7, 58.84, 19.26,
				18.85, 6.97, 56.74, 17.44,
				34.24, 8.42, 42.57, 14.77,
				32.61, 3.75, 45.54, 18.1,
				21.42, 7.94, 55.2, 15.44,
				20.72, 4.28, 55.07, 19.92,
				46.99, 5.89, 32.55, 14.57,
				15.03, 6.07, 63.05, 15.85,
				32.67, 12.52, 41.13, 13.68,
				26.71, 12.49, 46.9, 13.9,
				18.8, 6.93, 59.08, 15.18,
				20.99, 10.1, 55.49, 13.42,
				37.28, 7.31, 40.01, 15.4,
				21.68, 3.61, 53.44, 21.28,
				29.88, 5.16, 50.6, 14.36,
				33.18, 10.09, 44.6, 12.14,
				24.09, 5.25, 53.69, 16.97,
				23.7, 4.87, 56.26, 15.17,
				25.45, 3.77, 54.68, 16.11,
				40.82, 7.8, 35.7, 15.69,
				12.13, 3.59, 68.39, 15.9,
				20.94, 10.81, 52.62, 15.63,
				38.38, 7.27, 39.24, 15.11,
				33.94, 7.27, 43.3, 15.49,
				25.04, 4.46, 53.11, 17.38,
				38.65, 5.38, 40.57, 15.4,
				16.54, 7.69, 61.54, 14.22,
				31.07, 5.99, 46.59, 16.35,
				18.98, 10.58, 53.61, 16.83,
				36.62, 8.91, 37.27, 17.2,
				32.6, 5.78, 44.88, 16.74,
				22.34, 7.4, 52.5, 17.76,
				26.97, 7.17, 46.42, 19.44,
				31.51, 9.53, 43.25, 15.71,
				24.29, 8.07, 51.49, 16.15,
				34.53, 8.13, 42.88, 14.46,
				31.08, 7.67, 46.42, 14.84,
				30.04, 6.35, 46.1, 17.5,
				30.01, 6.52, 47.36, 16.1,
				40.71, 10.02, 35.2, 14.06,
				39.36, 10.37, 36.74, 13.54,
				39.33, 5.85, 38.77, 16.05,
				27.76, 9.38, 48.32, 14.55,
				36.31, 7.69, 40.37, 15.62,
				19.07, 8.4, 58.14, 14.39,
				25.7, 8.75, 50.94, 14.61,
				35.95, 9.09, 41.77, 13.19,
				33.28, 9.42, 42.92, 14.37,
				24.73, 4.96, 54.63, 15.69,
				32.6, 6.34, 45.13, 15.93,
				41.73, 6.78, 36.46, 15.03,
				25.3, 7.63, 51.59, 15.48,
				26.36, 8.41, 49.99, 15.24,
				26.02, 4.78, 49.27, 19.93,
				24.77, 8.22, 52.44, 14.58,
				33.32, 5.1, 44.93, 16.65,
				32.62, 11.06, 41.64, 14.67,
				26.82, 7.56, 50.67, 14.95,
				51.67, 8.71, 25.74, 13.88,
				23.08, 8.63, 52.29, 16,
				30.54, 7.11, 43.51, 18.84,
				24.33, 7.8, 51.64, 16.23,
				34.03, 5.44, 45.65, 14.87,
				26.22, 5.3, 53.34, 15.14,
				42.39, 4.55, 38.17, 14.89,
				32.46, 8.8, 43.58, 15.17,
				28.78, 6.8, 49.32, 15.09,
				34.54, 4.24, 45.38, 15.84,
				26.41, 7.92, 51.5, 14.18,
				16.2, 8.94, 59.75, 15.11,
				22.6, 3.41, 56.88, 17.12,
				24.77, 8.97, 51.02, 15.25,
				20.71, 8.96, 56.34, 13.98,
				44.46, 8.49, 33.98, 13.07,
				28.09, 7.71, 51.12, 13.08,
				37.37, 5.95, 40.95, 15.73,
				21.17, 3.69, 57.37, 17.77,
				34.12, 11.41, 39.78, 14.69,
				21, 6.81, 57.69, 14.5,
				26.16, 6.05, 50.13, 17.66,
				36.64, 3.18, 45.56, 14.62,
				40.38, 7.54, 36.51, 15.56,
				18.16, 5, 58.59, 18.25,
				39.49, 7.19, 36.59, 16.73,
				25.37, 7.85, 50.28, 16.5,
				23.63, 12.02, 51.35, 13,
				34.84, 10.64, 41.48, 13.04,
				22.84, 7.87, 51.02, 18.28,
				37.66, 3.68, 41.88, 16.78,
				43.57, 6.36, 36.4, 13.67,
				37.67, 6.69, 39.53, 16.11,
				29.71, 4.66, 49, 16.63,
				26.01, 10.58, 49.63, 13.79,
				41.5, 9.78, 35.52, 13.19,
				18.93, 3.33, 59.06, 18.68,
				33.06, 11.12, 41.21, 14.61,
				14.75, 8.32, 59.79, 17.14,
				21.43, 8.59, 56.37, 13.61,
				34.73, 6.18, 42.83, 16.26,
				25.25, 6.63, 52.91, 15.21,
				31.66, 9.42, 44.91, 14.01,
				13.68, 6.56, 61.69, 18.06,
				29.98, 7.77, 43.6, 18.65,
				42.65, 9.93, 34.47, 12.95,
				28.99, 6.2, 48.73, 16.08,
				36.58, 7.65, 38.66, 17.11,
				15.25, 3.57, 60.68, 20.49,
				32.88, 13.95, 39.85, 13.33,
				30.4, 12.03, 44.68, 12.9,
				27.21, 8.47, 50.03, 14.29,
				29.16, 4.2, 48.22, 18.42,
				29.29, 6.16, 49.45, 15.1,
				23.97, 8.52, 52.42, 15.09,
				39.44, 4.59, 39.98, 15.99,
				30.26, 10.29, 42.35, 17.09,
				23.8, 6.46, 51.98, 17.76,
				34.44, 6.8, 45.09, 13.67,
				29.99, 5.42, 47.88, 16.71,
				37.5, 5.42, 40.22, 16.86,
				28.13, 5.07, 50, 16.8,
				44.9, 6.64, 34.08, 14.38,
				32.64, 4.64, 46.07, 16.65,
				19.81, 11.33, 53.51, 15.35,
				37.25, 8.96, 38.52, 15.26,
				27.84, 8.24, 49.45, 14.46,
				34.85, 6.59, 42.58, 15.99,
				26.64, 5.98, 51.56, 15.82,
				31.58, 11.53, 42.7, 14.19,
				31.3, 10.29, 43.82, 14.59,
				21.35, 8.12, 54.1, 16.43,
				12.09, 6.13, 65.91, 15.87,
				39.31, 8.12, 39.1, 13.47,
				26.71, 6.14, 47.62, 19.53,
				28.58, 3.76, 51.69, 15.98,
				17.38, 5.93, 60.59, 16.1,
				24.86, 3.3, 55.5, 16.34,
				31.62, 8.45, 46.51, 13.42,
				30.16, 9.68, 45.17, 14.99,
				26.31, 5.35, 51, 17.35,
				27.32, 5.2, 49.21, 18.27,
				27.3, 6.92, 48.17, 17.61,
				39.22, 7.52, 39.48, 13.78,
				30.75, 12.27, 43.52, 13.46,
				18.68, 3.66, 59.32, 18.34,
				26.13, 10.72, 48.91, 14.24,
				19.44, 5.35, 58.11, 17.09,
				36.43, 11.3, 38.2, 14.07,
				44.91, 6.39, 34.23, 14.47,
				37.4, 10, 39.31, 13.29,
				22.21, 11.74, 53.16, 12.89,
				31.84, 8.16, 43.92, 16.07,
				19.78, 6.35, 59.77, 14.09,
				32.71, 5.74, 45.25, 16.31,
				23.26, 3.83, 53.91, 19,
				33.16, 5.66, 45.5, 15.68,
				28.21, 6.14, 50.8, 14.85,
				30.45, 14.23, 41.4, 13.92,
				25.06, 9.13, 52.7, 13.11,
				23.82, 9.06, 51.51, 15.61,
				34.33, 3.51, 44.55, 17.62,
				32.83, 8.31, 43.22, 15.64,
				25.38, 9.67, 48.92, 16.03,
				38.87, 10.81, 37.86, 12.46,
				11.41, 4.08, 64.36, 20.15,
				28.99, 8.73, 49.44, 12.83,
				32.75, 11.82, 42.54, 12.89,
				36.97, 5.76, 40.54, 16.73,
				37.21, 8.45, 41.61, 12.73,
				23.45, 4.7, 51.25, 20.6,
				15.37, 7.46, 59.17, 17.99,
				38.64, 8.07, 38.64, 14.65,
				37.18, 6.69, 40.43, 15.7,
				43.33, 8.7, 33.2, 14.77,
				36.42, 5.75, 42.21, 15.62,
				43.17, 8.54, 34.69, 13.6,
				20.12, 7.91, 57.02, 14.95,
				32.81, 9.49, 42.73, 14.98,
				20.62, 7.13, 57.71, 14.55,
				23.26, 7.31, 54.29, 15.14,
				37.11, 10.2, 40.45, 12.25,
				40.96, 7.38, 35.72, 15.95,
				22.26, 11.56, 51.55, 14.63,
				32.94, 11.83, 41.42, 13.81,
				24.09, 9.44, 50.92, 15.55,
				29.48, 4.93, 48.89, 16.71,
				28.03, 12.28, 45.34, 14.35,
				22.4, 7.21, 55.58, 14.81,
				21.09, 9.07, 55.72, 14.12,
				28.7, 7.12, 45.22, 18.96,
				44.64, 6.43, 34.56, 14.37,
				22.75, 8.24, 55.23, 13.78,
				28.49, 4.47, 48.11, 18.94,
				37.64, 5.01, 43.03, 14.32,
				36.84, 4.98, 41.55, 16.63,
				28.67, 5.01, 49.07, 17.24,
				26.16, 11.25, 47.53, 15.06,
				46.64, 8.14, 32.22, 13,
				40.93, 6.77, 38.65, 13.65,
				25.78, 4.8, 54.86, 14.56,
				34.57, 11.22, 40.09, 14.12,
				28.69, 5.53, 52.59, 13.19,
				35.79, 7.11, 43.38, 13.72,
				24.41, 13.22, 49.97, 12.4,
				23.7, 8.19, 47.77, 20.35,
				22.1, 10.29, 51.18, 16.42,
				25.21, 8.6, 52.3, 13.89,
				19.03, 10.83, 51.34, 18.8,
				31.37, 13.03, 41.92, 13.68,
				18.26, 8.19, 59.13, 14.43,
				33.23, 7.33, 43.04, 16.4,
				30.01, 8.42, 44.52, 17.06,
				29.03, 8.45, 48.17, 14.35,
				15.67, 6.58, 58.48, 19.27,
				15.7, 7.34, 60.63, 16.33,
				23.5, 8.25, 54.96, 13.29,
				31.74, 10.86, 42.68, 14.72,
				27.69, 7.44, 49.03, 15.85,
				40.82, 3.59, 41.83, 13.75,
				15.64, 10.16, 60.79, 13.41,
				40.19, 9.63, 36.88, 13.29,
				37.49, 6.2, 39.29, 17.02,
				37.05, 10.75, 38.73, 13.47,
				22, 2.84, 58.52, 16.63,
				30.51, 7.55, 47.04, 14.9,
				22.69, 9.97, 48.78, 18.56,
				42.84, 9.18, 34.92, 13.06,
				30.34, 4.99, 47.6, 17.07,
				27.77, 3.72, 49.25, 19.26,
				23.63, 11.14, 50.82, 14.41,
				40.64, 11.27, 33.76, 14.33,
				28.96, 12.15, 47.29, 11.6,
				27.37, 9.46, 50.5, 12.68,
				49.68, 9.62, 27.48, 13.22,
				22.75, 4.01, 52.66, 20.57,
				37.16, 12.25, 34.01, 16.58,
				37.4, 5.29, 42.2, 15.11,
				37.9, 7.7, 39.46, 14.94,
				20.99, 11.66, 52.06, 15.3,
				14.9, 7.17, 60.98, 16.96,
				33.55, 4.93, 43.4, 18.11,
				22.33, 8.21, 53.82, 15.65,
				29.36, 3.03, 49.23, 18.39,
				19.76, 7.32, 58.45, 14.46,
				28.69, 10.1, 46.57, 14.64,
				26.37, 8.46, 50.44, 14.73,
				38.19, 12.49, 34.09, 15.22,
				28.42, 9.51, 46.77, 15.3,
				33.04, 4.96, 44.97, 17.04,
				27.93, 8.19, 49.22, 14.65,
				23.01, 9.66, 52.86, 14.46,
				27.82, 11.59, 47.61, 12.98,
				32.18, 10.73, 43.82, 13.28,
				29.85, 11.33, 44.94, 13.88,
				43.03, 8.33, 36.51, 12.14,
				23.85, 7.79, 53.91, 14.46,
				27.69, 5.44, 49.14, 17.72,
				31.78, 5.93, 45.07, 17.23,
				35.69, 6.13, 44.59, 13.59,
				32.05, 7.13, 43.5, 17.32,
				35.66, 11.31, 40.07, 12.96,
				31.55, 9.32, 42.93, 16.21,
				41.24, 8.63, 35.6, 14.54,
				34.21, 7.21, 41.8, 16.77,
				35.52, 8.2, 41.38, 14.91,
				34.04, 7.91, 40.29, 17.76,
				29.62, 9.67, 47.21, 13.5,
				29.61, 9.67, 45.6, 15.12,
				18.65, 6.51, 54.22, 20.63,
				27.56, 7.65, 48.58, 16.21,
				42.75, 9.66, 33.25, 14.35,
				25.84, 8.21, 51.94, 14.01,
				32.06, 9.01, 45.09, 13.85,
				36.53, 12.79, 38.6, 12.07,
				26.39, 7.66, 49.99, 15.96,
				25.12, 4.92, 52.03, 17.93,
				20.83, 4.64, 56.04, 18.49,
				33.76, 7.12, 43.81, 15.32,
				29.75, 11.88, 46.38, 11.98,
				34.6, 4.78, 42.98, 17.63,
				32.71, 10.43, 42.46, 14.4,
				34.68, 5.78, 44.76, 14.78,
				25.92, 7.83, 52.19, 14.06,
				29.35, 5.24, 48.35, 17.06,
				28.08, 7.42, 46.79, 17.71,
				26.6, 9.81, 48.02, 15.57,
				28.98, 10.21, 43.05, 17.76,
				39.46, 5.52, 38.65, 16.36,
				46.19, 7.87, 31.3, 14.63,
				37.83, 6.27, 38.86, 17.03,
				33.66, 9.98, 42.42, 13.94,
				35.82, 5.03, 41.09, 18.06,
				28.58, 7.03, 48.18, 16.21,
				27.32, 6.83, 49.41, 16.44,
				34.05, 8.33, 42, 15.62,
				21.74, 8.8, 53.61, 15.85,
				32.47, 7.7, 46.42, 13.41,
				33.44, 5.85, 44.33, 16.37,
				20.05, 8.68, 57.48, 13.79,
				33, 5.58, 47.48, 13.94,
				29.64, 6.68, 47.91, 15.78,
				28.3, 3.11, 49.73, 18.86,
				43.44, 10.82, 33.69, 12.05,
				20.25, 10.34, 56.14, 13.27,
				29.05, 8.77, 48.13, 14.05,
				36.27, 5.27, 41.9, 16.55,
				33.15, 11.12, 42.46, 13.28,
				15, 5.51, 65.26, 14.23,
				39.46, 8.71, 36.73, 15.09,
				33.21, 9.87, 43.43, 13.5,
				25.61, 6.02, 50.41, 17.95,
				26.23, 9.57, 50.32, 13.88,
				29.57, 4.35, 49.98, 16.09,
				37.13, 8.2, 39.28, 15.39,
				20.51, 4, 54.73, 20.76,
				38.12, 5.35, 41, 15.52,
				18.08, 9.58, 58.53, 13.81,
				34.53, 6.27, 45.39, 13.81,
				34.02, 4.24, 44.06, 17.69,
				19.84, 4.01, 57.99, 18.15,
				18.93, 11.1, 54.36, 15.61,
				27.79, 7.41, 48.87, 15.93,
				38.74, 8.97, 39.25, 13.05,
				24.78, 10.7, 48.94, 15.58,
				28.26, 12.89, 44.42, 14.42,
				34.77, 5.54, 41.4, 18.28,
				28.25, 6.4, 48.4, 16.95,
				26.23, 9.06, 51.15, 13.56,
				27.27, 10.15, 47.42, 15.17,
				40.55, 8.32, 36.61, 14.51,
				21.76, 6.26, 56.97, 15.01,
				43.32, 7.07, 33.26, 16.36,
				30.4, 5.52, 46.25, 17.84,
				40.32, 9.69, 35.3, 14.69,
				28, 5.1, 49.45, 17.44,
				34.2, 12.39, 39.39, 14.02,
				42.08, 9.61, 34.62, 13.69,
				32.71, 6.16, 43.91, 17.21,
				33.31, 4.45, 45.14, 17.11,
				26.91, 12.12, 47.78, 13.19,
				49.14, 8.08, 28.66, 14.12,
				31.96, 5.22, 47.4, 15.42,
				28.69, 5.7, 48.59, 17.02,
				17.67, 5.58, 59.52, 17.23,
				41.24, 9.47, 34.51, 14.77,
				36.04, 9.25, 39.77, 14.95,
				30.3, 4.09, 50.07, 15.54,
				17.94, 4.9, 58.37, 18.79,
				18.85, 5.15, 58.94, 17.06,
				25.62, 6.37, 51.67, 16.34,
				27.14, 9.42, 49.3, 14.15,
				31.35, 8.85, 46.05, 13.75,
				35.27, 8.1, 43.54, 13.09,
				26.57, 3.17, 54.02, 16.24,
				32.5, 4.72, 48.08, 14.71,
				41.92, 8.51, 35.79, 13.78,
				40.21, 8.79, 38.92, 12.08,
				20.23, 4.35, 56.89, 18.53,
				27.05, 5.31, 51.92, 15.73,
				35.7, 4.24, 44.9, 15.17,
				23.05, 9.24, 52.85, 14.86,
				26.05, 8.11, 50.45, 15.4,
				31.3, 10.32, 44.85, 13.53,
				43.15, 5.16, 36.13, 15.56,
				26.63, 11.94, 47.92, 13.51,
				30.89, 4.52, 48.58, 16.01,
				31.46, 10.81, 44.15, 13.58,
				40.03, 9.75, 37.33, 12.88,
				40.91, 4.93, 40.9, 13.26,
				29.63, 10.37, 46.73, 13.27,
				37.47, 7.61, 39.96, 14.96,
				25.76, 8.09, 52.69, 13.46,
				35.45, 9.01, 41.72, 13.82,
				19.75, 10.11, 54.76, 15.38,
				23.68, 5.74, 55.27, 15.3,
				38.99, 11.81, 37.18, 12.01,
				39.21, 4.18, 42.78, 13.83,
				23.49, 10.23, 50.23, 16.05,
				39.18, 9.63, 37.08, 14.11,
				24.02, 8.79, 53.7, 13.49,
				30.03, 5.38, 45.62, 18.98,
				35.8, 10.41, 39.42, 14.37,
				31.12, 3.82, 48.99, 16.06,
				30.08, 10.52, 45.68, 13.71,
				44.29, 9.07, 34.33, 12.32,
				16.2, 5.89, 59.6, 18.31,
				29.68, 8.97, 47.31, 14.04,
				43.94, 7.31, 34.9, 13.84,
				35.74, 6.24, 41.58, 16.44,
				29.28, 6, 48.87, 15.86,
				39.99, 7.31, 38.46, 14.24,
				26.45, 6.9, 52.37, 14.28,
				17.83, 7.15, 59.34, 15.68,
				22.76, 3.42, 57.09, 16.73,
				20.58, 11.29, 53.44, 14.69,
				33.64, 10.34, 41.84, 14.18,
				21.2, 8.51, 56.82, 13.47,
				41.42, 10.02, 33.72, 14.83,
				22.48, 6.87, 55.49, 15.16,
				19.9, 8.45, 56.35, 15.29,
				33.77, 10.27, 40.32, 15.63,
				38.39, 5.22, 40.6, 15.78,
				35.2, 9.84, 40.58, 14.38,
				20.32, 12.38, 54.48, 12.82,
				44.21, 8.06, 33.85, 13.88,
				29.77, 5.54, 45.64, 19.05,
				37.5, 7.99, 37.49, 17.03,
				24.06, 7.9, 50.57, 17.47,
				38.27, 7.69, 38.37, 15.67,
				35.68, 3.28, 45.79, 15.25,
				23.36, 5.75, 55.23, 15.65,
				32.13, 11.41, 42.62, 13.84,
				29.82, 10.61, 46.3, 13.28,
				36.22, 5.57, 43.15, 15.07,
				43.65, 4.59, 36.39, 15.38,
				22.89, 6.02, 54.21, 16.88,
				21.96, 9.23, 55.34, 13.46,
				44.6, 4.81, 34.95, 15.64,
				16.74, 6.95, 58.49, 17.81,
				36.14, 8.75, 39.37, 15.74,
				29.18, 7.65, 44.19, 18.98,
				29.68, 13.07, 44.91, 12.34,
				34.68, 7.57, 41, 16.74,
				25.64, 3.5, 53.3, 17.55,
				29.35, 4.65, 46.52, 19.48,
				33.75, 7.6, 39.56, 19.09,
				28.77, 9.33, 47.69, 14.21,
				27.52, 8.11, 50.29, 14.07,
				29, 7.74, 46.74, 16.51,
				34.05, 6.39, 44.08, 15.48,
				31.23, 10.46, 45.37, 12.94,
				30.15, 6.45, 47.74, 15.65,
				25.67, 8.52, 50.49, 15.33,
				32.42, 9.65, 43.17, 14.75,
				33.03, 7.12, 45.66, 14.18,
				28.64, 9.27, 46.49, 15.61,
				20.18, 9.18, 53.78, 16.86,
				34.66, 7.72, 42.72, 14.9,
				33.41, 8.04, 43.22, 15.33,
				28.19, 9.38, 49.51, 12.93,
				25.08, 6.24, 51.27, 17.41,
				34.88, 10.83, 41.02, 13.27,
				31.37, 10.69, 44.63, 13.3,
				23.32, 3.66, 54.5, 18.52,
				30.11, 10.48, 46.58, 12.84,
				29.32, 6.02, 48.38, 16.28,
				35.18, 6.4, 43.3, 15.13,
				29.51, 9.11, 47.25, 14.12,
				30.85, 10.98, 42.9, 15.27,
				42.45, 6.44, 35.26, 15.85,
				14.65, 5.07, 62.35, 17.93,
				26.77, 7, 48.05, 18.18,
				32.41, 5.59, 46.3, 15.69,
				26.99, 11.41, 47.41, 14.19,
				27.57, 7.1, 49.23, 16.1,
				30.86, 8.76, 46.4, 13.98,
				8.84, 7.12, 67.08, 16.96,
				30.61, 6, 47.06, 16.33,
				27.19, 7.38, 49.14, 16.29,
				28.5, 4.3, 48.93, 18.27,
				33.97, 8.6, 44.02, 13.41,
				19.9, 10.01, 55.62, 14.47,
				24.26, 7.08, 51.61, 17.04,
				24.34, 7.36, 53.53, 14.76,
				19.14, 6.75, 55.46, 18.65,
				35.4, 3.71, 44.25, 16.64,
				15.8, 9.13, 59.38, 15.69,
				48.69, 8.51, 28.05, 14.74,
				27.75, 4.44, 51.18, 16.62,
				37.4, 2.73, 45.12, 14.75,
				30.36, 7.38, 46.87, 15.38,
				20.49, 5.02, 56.08, 18.42,
				27.9, 6.56, 51.47, 14.07,
				35.71, 7.53, 39.91, 16.85,
				11.85, 4.75, 65.37, 18.04,
				29.09, 10.26, 47.94, 12.72,
				27.05, 3.77, 50.64, 18.54,
				39.78, 9.16, 37.92, 13.14,
				46.26, 9.8, 31.86, 12.08,
				32.48, 11.38, 43.08, 13.06,
				30, 8.67, 47.26, 14.07,
				27.2, 6.31, 50.35, 16.14,
				30.59, 4.36, 48.98, 16.07,
				39.95, 11.52, 34.67, 13.87,
				20.12, 5.15, 59.46, 15.28,
				33.21, 5.97, 45.67, 15.15,
				38.53, 11.3, 36.27, 13.9,
				34.63, 6.7, 41.7, 16.97,
				41.9, 7.49, 35.67, 14.94,
				43.3, 5.97, 36.69, 14.04,
				24.94, 5, 54.78, 15.28,
				35.48, 5.09, 42.81, 16.62,
				26.73, 8.78, 50.5, 13.99,
				36.87, 9.2, 40.34, 13.6,
				24.13, 8.31, 52.51, 15.04,
				31.81, 5.51, 44.13, 18.54,
				32.71, 11.01, 42.79, 13.49,
				28.73, 10.77, 45.61, 14.89,
				43.98, 8.85, 32.85, 14.32,
				50.08, 9.49, 28.64, 11.79,
				28.18, 3.28, 51.71, 16.83,
				29.37, 5.88, 50.08, 14.67,
				22.88, 8.58, 53.28, 15.25,
				16.53, 7.44, 59.71, 16.32,
				33.63, 5.17, 47.17, 14.03,
				36.5, 4.42, 42.09, 16.98,
				38.99, 10.25, 34.43, 16.33,
				35.72, 11.29, 38.39, 14.6,
				19.91, 6.12, 56.27, 17.69,
				18.61, 10.53, 53.78, 17.07,
				25.58, 8.86, 48.74, 16.82,
				17.02, 3.32, 62.44, 17.21,
				28.26, 6.33, 49.36, 16.05,
				31.75, 2.96, 49.51, 15.78,
				31.39, 4.4, 47.79, 16.42,
				39.32, 8.65, 39.09, 12.93,
				39.55, 7.42, 36.33, 16.71,
				34.2, 9.29, 42.91, 13.59,
				23.39, 7.24, 55.48, 13.89,
				26.93, 6.67, 48.48, 17.92,
				39.22, 9.45, 36.62, 14.71,
				35.45, 4.51, 42.76, 17.29,
				31.29, 5.25, 45.47, 17.99,
				34.33, 10.65, 41.31, 13.71,
				34.67, 9.49, 40.48, 15.37,
				27.63, 10.23, 47.56, 14.58,
				19.98, 6.79, 56.62, 16.6,
				34.22, 9.23, 42.8, 13.75,
				24.38, 11.65, 49.96, 14.01,
				37.39, 7.18, 38.31, 17.13,
				47.72, 4.76, 32.05, 15.46,
				23.92, 10.9, 51.21, 13.97,
				33.21, 10.37, 43.31, 13.11,
				38.49, 8.09, 38.74, 14.69,
				17.12, 3.46, 58.66, 20.76,
				25.31, 8.5, 49.4, 16.79,
				36.79, 6.59, 40.88, 15.74,
				37.02, 9.3, 39.78, 13.91,
				19.87, 9.02, 55.07, 16.03,
				29.07, 9.55, 46.82, 14.56,
				35.49, 5.82, 43.75, 14.94,
				26.43, 5.3, 50.18, 18.09,
				28.11, 5.63, 49.69, 16.57,
				33.18, 12.19, 42.32, 12.31,
				32.47, 7.73, 45.21, 14.58,
				35.78, 4.29, 44.29, 15.64,
				26.73, 9.73, 48.84, 14.69,
				28.1, 6.68, 48.12, 17.1,
				18.29, 3.63, 59.77, 18.31,
				29.89, 8.91, 46.73, 14.48,
				30.76, 5.19, 48.47, 15.58,
				16.21, 7.18, 58.59, 18.02,
				29.17, 8.58, 44.65, 17.6,
				38.7, 7.42, 38.76, 15.12,
				23.36, 6.88, 52.87, 16.89,
				26.33, 7.17, 49.18, 17.32,
				35.04, 6.75, 41.47, 16.75,
				22.61, 2.82, 55.21, 19.36,
				41.72, 6.39, 36.88, 15.01,
				34.98, 6.14, 39.64, 19.25,
				35.02, 4.81, 43.27, 16.9,
				22.75, 3.96, 54.27, 19.01,
				22.8, 9.19, 53.65, 14.36,
				21.81, 8.39, 53.78, 16.02,
				45.29, 8.32, 31.74, 14.65,
				15.31, 9.1, 59.36, 16.23,
				24.78, 12.36, 48.93, 13.94,
				30.51, 13.78, 43.08, 12.64,
				15.58, 9.21, 59.99, 15.21,
				24.63, 5.74, 53.52, 16.11,
				32.7, 5.63, 45.15, 16.53,
				29.57, 9.94, 46.51, 13.97,
				30.57, 8.22, 43.3, 17.91,
				35.46, 4.91, 44.45, 15.18,
				23.7, 10.8, 51.46, 14.05,
				19.64, 8.24, 58.45, 13.67,
				34.38, 6.63, 42.63, 16.36,
				26.08, 8.53, 50.5, 14.89,
				35.93, 6.29, 42.2, 15.58,
				13.4, 6.32, 62.72, 17.57,
				36, 4.82, 43.6, 15.57,
				27.92, 7.99, 48.14, 15.95,
				47.62, 6.62, 32.06, 13.71,
				41.81, 5.94, 36.31, 15.94,
				30.57, 13.4, 42.88, 13.15,
				24.7, 9.81, 52.58, 12.91,
				31.61, 8.58, 45.27, 14.54,
				32.27, 10.35, 44.95, 12.43,
				37.14, 10.06, 37.83, 14.97,
				29.84, 5.9, 47.36, 16.9,
				31.21, 9.13, 45.73, 13.93,
				34.07, 10.24, 41.46, 14.23,
				23.95, 8.77, 51.29, 15.99,
				39.55, 5.01, 40.82, 14.61,
				32.21, 7.24, 46.58, 13.96,
				19.15, 5.98, 56.13, 18.73,
				17.62, 5.12, 61.45, 15.81,
				35.09, 9.47, 41.86, 13.58,
				20.57, 9.58, 55.3, 14.56,
				26.46, 8.19, 50.81, 14.53,
				25.01, 7.83, 52.62, 14.54,
				29.93, 9.47, 47.37, 13.23,
				44.52, 7.02, 34.36, 14.1,
				33.21, 4.87, 46.36, 15.56,
				27.81, 13.01, 45.31, 13.87,
				33.9, 10.95, 38.79, 16.36,
				35.41, 8.25, 38.83, 17.52,
				26.16, 5.13, 51.55, 17.16,
				24.41, 5.78, 54.32, 15.49,
				30.92, 8.51, 46.63, 13.94,
				32.23, 4.66, 48.17, 14.94,
				29.19, 6.24, 48.68, 15.9,
				31.97, 6.44, 43.57, 18.03,
				27.81, 5.7, 52.82, 13.68,
				39.04, 5.4, 39.65, 15.91,
				39.2, 8.92, 39.35, 12.53,
				45.03, 3.72, 37, 14.25,
				31.59, 13.35, 41.24, 13.81,
				32.1, 5.45, 48.83, 13.62,
				37.19, 5.73, 41.86, 15.22,
				40.59, 5.94, 37.25, 16.23,
				27.61, 7.49, 48.07, 16.84,
				45.1, 6.99, 32.39, 15.51,
				39.84, 7.79, 34.82, 17.55,
				23.15, 10.42, 52.1, 14.33,
				30.02, 4.07, 50.46, 15.45,
				31.22, 9.72, 45.24, 13.83,
				37.56, 7.72, 39.16, 15.56,
				39.1, 3.75, 40.05, 17.1,
				21, 8.1, 55.22, 15.68,
				21.77, 5.1, 55.66, 17.46,
				38.22, 10.02, 36.1, 15.65,
				32.88, 3.72, 48.23, 15.17,
				39.2, 3.57, 41.66, 15.57,
				19.59, 3.24, 58.93, 18.24,
				29.84, 8.82, 46.96, 14.37,
				28.31, 6.45, 49.16, 16.08,
				27.44, 9.57, 49.24, 13.75,
				34.55, 9.78, 39.92, 15.75,
				33.41, 10.54, 43.11, 12.93,
				27.27, 7.65, 51.04, 14.03,
				19.96, 10.15, 55.83, 14.05,
				19.91, 6.12, 55.55, 18.42,
				21.29, 8.57, 55.06, 15.09,
				34.05, 6.7, 45.55, 13.7,
				42.84, 6.88, 37.02, 13.27,
				16.45, 8.32, 60.5, 14.72,
				30.25, 9.28, 45.25, 15.22,
				25.43, 11.29, 48.63, 14.65,
				18.35, 6.99, 58.62, 16.04,
				16.06, 7.66, 60.33, 15.95,
				22.73, 7.78, 55.17, 14.32,
				28.15, 6.54, 49.94, 15.36,
				36.53, 5.22, 42.17, 16.08,
				16.56, 10.32, 58.55, 14.57,
				22.37, 6.18, 55.57, 15.88,
				18.14, 6.05, 56.06, 19.76,
				21.69, 9.43, 55.25, 13.63,
				31.43, 3.38, 48.75, 16.44,
				22.61, 9.67, 53.35, 14.37,
				24.02, 6.29, 51.15, 18.54,
				32.45, 4.96, 47.16, 15.43,
				43.14, 6.43, 36.21, 14.22,
				16.63, 8.88, 59.34, 15.15,
				30.48, 12.38, 43.69, 13.44,
				34.74, 12.38, 39.39, 13.49,
				25.66, 11.08, 48.93, 14.34,
				27.41, 10, 48.91, 13.68,
				22.48, 4.55, 53.9, 19.07,
				12, 11.32, 63.34, 13.34,
				26.49, 11.32, 47.2, 14.99,
				24.66, 3.84, 53.58, 17.92,
				30.26, 5.63, 46.94, 17.17,
				39.36, 8.87, 37.47, 14.31,
				36.18, 8.88, 40.67, 14.27,
				26.04, 5.61, 52.6, 15.75,
				24.78, 11.43, 49.81, 13.98,
				22.42, 8.79, 54.29, 14.5,
				23.81, 7.85, 53.48, 14.86,
				25.82, 13.35, 45.54, 15.29,
				31.39, 5.02, 46.25, 17.34,
				28.89, 9.02, 48.16, 13.92,
				35.98, 6.23, 42.29, 15.5,
				40.14, 11.49, 35.79, 12.58,
				19.9, 11.27, 54.21, 14.61,
				28.94, 7.72, 49.19, 14.15,
				17.88, 6.09, 55.34, 20.69,
				19.35, 5.66, 57.62, 17.36,
				34.42, 6.16, 42.77, 16.65,
				21.87, 5.5, 54.21, 18.42,
				41.78, 7.84, 37.68, 12.7,
				11.57, 4.04, 63.68, 20.7,
				32.48, 8.09, 45.59, 13.84,
				27.62, 6.08, 49.71, 16.59,
				44.22, 5.45, 34.44, 15.9,
				33.33, 6.14, 44.2, 16.33,
				10.16, 4.08, 67.37, 18.39,
				26.32, 5.57, 50.11, 18,
				26.21, 11.73, 48.9, 13.16,
				26.33, 9.77, 49.49, 14.41,
				29.42, 4.14, 49.42, 17.02,
				23.4, 14.46, 48.53, 13.61,
				39.94, 5.72, 39.34, 15,
				31.59, 8.54, 47.2, 12.67,
				30.37, 8.71, 46.61, 14.31,
				32.32, 9.21, 41.68, 16.79,
				37.74, 5.64, 40.32, 16.3,
				27.95, 5.74, 47.37, 18.94,
				48.47, 9.42, 27.43, 14.68,
				28.78, 4.02, 50.31, 16.89,
				49.36, 4.95, 30.43, 15.26,
				38.55, 10.95, 37.65, 12.85,
				28.45, 6.41, 46.29, 18.85,
				36.94, 6.47, 40.46, 16.12,
				17.47, 9.3, 57.91, 15.32,
				30.56, 7.58, 46.87, 14.98,
				40.62, 6.37, 39.12, 13.9,
				19.07, 8.06, 55.96, 16.9,
				47.17, 8.34, 31.8, 12.69,
				29.68, 4.24, 48.65, 17.43,
				29.63, 5.81, 47.47, 17.09,
				39.09, 12.11, 36.26, 12.54,
				30.85, 7.68, 45.64, 15.82,
				30.04, 7.89, 45.41, 16.65,
				23.96, 7.94, 53.82, 14.28,
				30.24, 7.11, 48.44, 14.2,
				39.72, 6.78, 38.5, 15,
				27.62, 7.49, 50.59, 14.3,
				27.21, 11.33, 48.99, 12.47,
				31.63, 10.15, 45.21, 13.01,
				28.66, 7.39, 49.77, 14.17,
				32.57, 7.52, 44.66, 15.25,
				24.35, 9.86, 48.79, 17,
				28.56, 8.47, 49.49, 13.48,
				43.67, 9.1, 33.83, 13.4,
				33.63, 3.54, 47.32, 15.5,
				24.3, 8.5, 49.83, 17.37,
				22.62, 9.7, 53.26, 14.43,
				27.03, 5.38, 51.89, 15.69,
				26.42, 10.21, 48.64, 14.73,
				29.37, 3.17, 50.83, 16.63,
				31.97, 7.88, 44.99, 15.16,
				38.77, 8.07, 39.34, 13.82,
				40.33, 9.42, 36.7, 13.55,
				23.44, 5, 53.67, 17.88,
				25.57, 5.83, 51.78, 16.81,
				25.71, 9.04, 50.45, 14.79,
				20.91, 11.36, 53.05, 14.69,
				28.77, 8.21, 47.74, 15.28,
				27.03, 5.12, 48.48, 19.37,
				37.18, 7.2, 39.01, 16.6,
				31.18, 3.11, 49.96, 15.75,
				26.88, 7.81, 50, 15.3,
				25.24, 4.45, 52.43, 17.88,
				35.56, 5.79, 40.99, 17.65,
				18.59, 6.82, 59.04, 15.55,
				36.01, 6.4, 41.7, 15.9,
				29.86, 7.31, 47.86, 14.97,
				27.89, 7.39, 49.1, 15.61,
				25.8, 5.62, 52.59, 15.98,
				29.04, 8.87, 46.94, 15.14,
				44.19, 6.57, 35.05, 14.18,
				28.79, 4.72, 47.6, 18.89,
				12.03, 6.88, 61.23, 19.87,
				25.26, 10.35, 49.4, 14.99,
				35.02, 4.06, 43.9, 17.02,
				28.25, 9.67, 48.87, 13.21,
				25.93, 6.5, 53.34, 14.23,
				44.14, 10.87, 32.64, 12.35,
				36.72, 11.63, 38.07, 13.59,
				40.76, 5.59, 38.1, 15.55,
				34.49, 6.84, 41.83, 16.84,
				18.96, 5.21, 58.86, 16.98,
				23.3, 9.55, 51.85, 15.3,
				39.07, 7.86, 38.17, 14.89,
				30.9, 11.5, 43.33, 14.27,
				18.74, 7.23, 57.81, 16.22,
				36.72, 8.53, 38.13, 16.62,
				24.16, 5.63, 52.68, 17.53,
				46.47, 4.37, 34.53, 14.62,
				44.66, 8.38, 32.86, 14.11,
				43.86, 5.83, 34.09, 16.22,
				25.39, 7.52, 51.63, 15.46,
				24.97, 4.25, 54.14, 16.64,
				46.11, 7.01, 32.39, 14.49,
				36.02, 8.82, 39.94, 15.22,
				29, 5.91, 45.37, 19.72,
				28.82, 9.25, 48.49, 13.44,
				38.92, 12.7, 35.25, 13.14,
				28.54, 6.68, 48.8, 15.98,
				26.88, 4.14, 50.75, 18.23,
				26.16, 5.25, 52.36, 16.22,
				35.36, 5.74, 42.59, 16.31,
				35.76, 6.99, 42.32, 14.93,
				32.55, 4.03, 47.6, 15.82,
				23.72, 7.09, 51.19, 18,
				33, 5.39, 42.99, 18.61,
				27.77, 7.82, 47.23, 17.18,
				33.85, 6.9, 44.75, 14.5,
				32.65, 5.27, 44.97, 17.11,
				32.44, 7.25, 42.32, 17.99,
				28.21, 5.96, 48.17, 17.66,
				25.67, 7.29, 49.79, 17.25,
				35.49, 4.68, 43.21, 16.62,
				33.41, 7.89, 46.02, 12.69,
				29.64, 6.92, 47.8, 15.64,
				37.51, 11.59, 38.19, 12.71,
				15.66, 2.89, 62.23, 19.22,
				13.45, 7.42, 65.74, 13.39,
				21.86, 6.19, 53.02, 18.92,
				39.94, 8.1, 38.19, 13.77,
				22.87, 3.38, 56.63, 17.12,
				29.38, 11.49, 44.54, 14.59,
				21.84, 6.99, 51.83, 19.34,
				28.34, 3.5, 52.22, 15.93,
				33.19, 8.81, 44.31, 13.68,
				38.52, 12.19, 35.64, 13.65,
				31.74, 4.9, 47.01, 16.35,
				35.53, 5.66, 41.82, 16.99,
				31.5, 13.37, 41.48, 13.65,
				22.55, 8.39, 54.71, 14.35,
				23.41, 9.59, 53.22, 13.79,
				22.61, 6.62, 55.04, 15.73,
				18.35, 8.86, 58.39, 14.4,
				16.45, 4.56, 62.11, 16.88,
				37.22, 8.53, 36.2, 18.05,
				41.91, 9.16, 35.97, 12.96,
				28.5, 4, 50.01, 17.49,
				31.5, 3.24, 49.11, 16.16,
				32.37, 4.57, 46.01, 17.05,
				23.85, 9.05, 53.09, 14.02,
				30.87, 4.14, 50.11, 14.88,
				23.79, 8.29, 53.11, 14.8,
				31.77, 4.71, 45, 18.52,
				35.02, 5.38, 43.19, 16.41,
				31.59, 6.26, 45.87, 16.28,
				30.87, 6.37, 46.38, 16.38,
				19.77, 6.05, 57.52, 16.66,
				22.58, 9.4, 54.17, 13.86,
				34.84, 4.15, 43.21, 17.8,
				34.94, 7.26, 41.22, 16.59,
				23.63, 10.42, 52.45, 13.51,
				23.04, 9.7, 52.84, 14.42,
				44.58, 7.21, 32.86, 15.34,
				32.15, 6.17, 45.5, 16.17,
				29.72, 6.04, 48.65, 15.59,
				26.6, 10.56, 48.75, 14.09,
				31.89, 12.03, 42.45, 13.63,
				27.89, 5, 48.82, 18.29,
				29.67, 5.52, 50.1, 14.72,
				25.76, 6.15, 50.3, 17.79,
				32.25, 6.02, 45.71, 16.02,
				26.44, 11.48, 48.09, 13.99,
				30.89, 9.79, 41.59, 17.73,
				27.64, 6.2, 49.37, 16.79,
				31.16, 8.21, 46.92, 13.71,
				31.84, 12.36, 42.83, 12.97,
				28.9, 7.37, 49.66, 14.07,
				28.1, 8.53, 49.99, 13.39,
				18.1, 7.46, 59.08, 15.35,
				26.9, 9.25, 49.12, 14.73,
				24.88, 11.81, 49.63, 13.68,
				23.76, 4.64, 51.99, 19.61,
				18.13, 9.37, 56.97, 15.54,
				18.46, 7.23, 58, 16.31,
				28.75, 9.19, 48.98, 13.08,
				44.36, 6.26, 34.65, 14.73,
				34.1, 5.65, 44.2, 16.05,
				20.53, 3.74, 60.07, 15.66,
				36.83, 10.31, 38.46, 14.41,
				28.15, 9.17, 47.32, 15.36,
				34.69, 4.56, 43.77, 16.97,
				19.29, 9.42, 54.15, 17.14,
				32.06, 6.43, 45.37, 16.15,
				20.18, 7.12, 56.47, 16.22,
				15.9, 6.34, 62.03, 15.73,
				28.77, 6.54, 47.3, 17.39,
				28.29, 5.06, 47.85, 18.8,
				22.64, 7.04, 52.52, 17.8,
				25.89, 7.42, 52.31, 14.38,
				24.15, 4.12, 55.33, 16.4,
				43.68, 7.37, 34.62, 14.32,
				44.38, 7.82, 33.74, 14.05,
				17.07, 4.45, 60.03, 18.45,
				28.22, 4.45, 51.93, 15.41,
				24.94, 6.53, 53.4, 15.13,
				26.61, 8.35, 51.57, 13.46,
				28.32, 12.5, 45.74, 13.45,
				25.13, 10.55, 49.07, 15.25,
				18.69, 7.37, 58.38, 15.56,
				47.36, 6.91, 31.04, 14.69,
				46.09, 6.88, 33.17, 13.86,
				28.15, 6.62, 46.14, 19.08,
				24.04, 9.16, 52.44, 14.37,
				33.38, 8.33, 44.64, 13.65,
				30.42, 6.84, 46.83, 15.91,
				25.05, 10.01, 50.02, 14.93,
				28.15, 6.73, 49.28, 15.84,
				38.28, 10.59, 38.15, 12.98,
				23.85, 9.71, 51.01, 15.43,
				16.03, 7.75, 59.8, 16.42,
				29.5, 3.81, 48.9, 17.78,
				21.09, 8.57, 57.57, 12.77,
				19.48, 7.87, 58.78, 13.87,
				43.11, 8.77, 34.48, 13.64,
				28.88, 2.91, 50.17, 18.04,
				25.71, 10.37, 50.81, 13.12,
				24.75, 11.51, 50.43, 13.31,
				24.77, 4.9, 53.29, 17.04,
				17.83, 4.82, 59.38, 17.97,
				23.99, 6.09, 51.35, 18.57,
				11.67, 5.6, 62.16, 20.58,
				26.14, 12.18, 48.16, 13.52
				],
			"frontview": [
				43.27, 2.07, 52.15, 2.51,
				43.27, 2.07, 52.15, 2.51,
				14.49, 3.1, 60.47, 21.94,
				10.16, 4.42, 77.25, 8.17,
				58.67, 0.33, 22.49, 18.51,
				85.09, 4.74, 7.72, 2.45,
				55.6, 11.4, 28.93, 4.07,
				43.03, 9.26, 41.19, 6.53,
				30.22, 6.92, 51.67, 11.19,
				30.75, 5.18, 53.59, 10.48,
				6.38, 0.19, 79.25, 14.18,
				65.57, 11.13, 19.12, 4.18,
				9.68, 0.46, 65.13, 24.73,
				9.23, 4.15, 74.61, 12,
				32.4, 11.44, 43.53, 12.63,
				22.43, 7.43, 58.05, 12.08,
				24.18, 4.84, 56.73, 14.25,
				72.22, 13.1, 9.38, 5.3,
				41.98, 17.11, 35.83, 5.08,
				53.66, 6.72, 31.72, 7.91,
				73.76, 0.63, 22.52, 3.09,
				60.81, 6.26, 28.3, 4.63,
				4.54, 1.54, 88.18, 5.74,
				35.87, 11.89, 40.74, 11.5,
				12.64, 5.02, 66.4, 15.94,
				12.62, 10.55, 58.74, 18.09,
				74.63, 5.45, 16.32, 3.6,
				43.45, 1.37, 36.73, 18.45,
				12.48, 26.03, 44.77, 16.72,
				3.66, 1.57, 74.7, 20.07,
				81.69, 7.37, 8.68, 2.26,
				3.19, 13.32, 72.1, 11.39,
				52.51, 0.91, 36.13, 10.44,
				27.01, 7.46, 55.98, 9.55,
				32.24, 10.52, 46.95, 10.29,
				52.77, 13.67, 28.18, 5.38,
				3.89, 1.82, 85.85, 8.43,
				73.73, 9.1, 12.68, 4.5,
				53.19, 9.45, 30.11, 7.25,
				56.56, 14.56, 24.3, 4.58,
				18.01, 11.74, 64.28, 5.98,
				43.71, 11.58, 39.44, 5.27,
				12.08, 14.94, 65.65, 7.34,
				47.7, 17.45, 29.89, 4.95,
				1.43, 0.21, 87.89, 10.47,
				52.46, 21.34, 15.03, 11.16,
				8.98, 3.91, 77.09, 10.02,
				39.25, 24.12, 29.64, 6.99,
				0.91, 2.53, 92.8, 3.76,
				6.23, 0.5, 81.45, 11.82,
				42.68, 5.47, 41.47, 10.38,
				20.4, 8.63, 48.86, 22.11,
				25.23, 5.9, 56.59, 12.27,
				41.69, 7.87, 41.02, 9.42,
				56.15, 0.32, 36.59, 6.94,
				34.78, 4.9, 54.93, 5.38,
				77.87, 8.22, 10.27, 3.65,
				51.88, 2.3, 36.47, 9.35,
				4.33, 0.82, 89.14, 5.71,
				42.96, 0.16, 35.07, 21.81,
				16.55, 8.58, 70.83, 4.04,
				4.6, 3.2, 74.76, 17.44,
				6.78, 7.1, 76.69, 9.42,
				20.16, 22.22, 45.91, 11.71,
				0.85, 2.92, 85.57, 10.67,
				2.29, 2.58, 87.25, 7.89,
				5.25, 4.97, 82.51, 7.28,
				42.57, 13.06, 37.63, 6.73,
				84.59, 7.05, 3.26, 5.1,
				42.99, 4.7, 46.55, 5.75,
				21.7, 11.92, 58.34, 8.05,
				32.65, 12.06, 41.86, 13.42,
				33.72, 10.44, 40.19, 15.64,
				58.06, 5.51, 33.51, 2.93,
				52.91, 3.62, 35.54, 7.93,
				8.23, 4.93, 80.84, 5.99,
				48.16, 22.45, 25.27, 4.12,
				24.06, 18.19, 53.16, 4.58,
				8.73, 7.24, 72.86, 11.17,
				0.55, 0.02, 94.25, 5.18,
				4.64, 1.69, 70.24, 23.43,
				1.66, 6.8, 81.68, 9.86,
				53.48, 3.49, 39.79, 3.24,
				1.01, 0.56, 92.8, 5.63,
				21.08, 16.98, 54.12, 7.81,
				6.87, 6.5, 81.63, 5,
				9.32, 2.13, 78.48, 10.07,
				4.09, 0.96, 80.9, 14.05,
				5.95, 6.26, 81.79, 6,
				40.5, 0.86, 41.32, 17.31,
				33.23, 5.29, 57.5, 3.98,
				0.21, 0.18, 94.01, 5.59,
				56.25, 5.66, 30.59, 7.51,
				15.31, 2.9, 67.31, 14.48,
				27.89, 8.79, 52.95, 10.37,
				1.37, 0.45, 83.46, 14.72,
				13.02, 13.09, 66.52, 7.37,
				64.92, 9.1, 19.69, 6.29,
				13.46, 12.45, 69.5, 4.59,
				43.07, 11.43, 32.49, 13,
				45.82, 5.88, 40.31, 7.99,
				2.32, 4.01, 90.47, 3.2,
				18.08, 7.32, 58.17, 16.42,
				20.98, 9.65, 59.62, 9.76,
				17.77, 15.47, 57.6, 9.16,
				27.19, 2.27, 66.43, 4.1,
				92.78, 4.97, 0.64, 1.61,
				3.52, 18.9, 71.8, 5.78,
				16.14, 8.4, 64.86, 10.6,
				53.1, 1.44, 26.8, 18.65,
				76.93, 14.06, 4.94, 4.08,
				46.78, 3.43, 46.4, 3.39,
				18.47, 8.3, 65.1, 8.13,
				30.29, 1, 59.96, 8.75,
				17.74, 8.83, 62.55, 10.88,
				32.3, 18.31, 42.75, 6.64,
				27.32, 6.63, 55.29, 10.76,
				76.4, 13.11, 7.22, 3.27,
				75.22, 6.61, 10.79, 7.39,
				34.39, 4.76, 55.44, 5.42,
				3.86, 11.28, 72.18, 12.69,
				35.52, 1.06, 57.88, 5.54,
				40.84, 6.32, 47.02, 5.82,
				18.13, 18.92, 52.6, 10.35,
				11.76, 8.51, 74.91, 4.83,
				5.16, 3.71, 78.53, 12.59,
				68.74, 3.45, 21, 6.81,
				23.43, 9.34, 58.14, 9.09,
				95.67, 3.03, 0.64, 0.65,
				34.47, 14.6, 42.5, 8.43,
				53.64, 10.4, 31.11, 4.86,
				58.53, 7.67, 28.68, 5.12,
				18.16, 6.47, 61.61, 13.77,
				9.43, 16.5, 68.47, 5.6,
				38.67, 3.6, 51.22, 6.51,
				41.02, 5.09, 47.42, 6.47,
				18.39, 9.24, 63.35, 9.01,
				24.65, 4.87, 63.05, 7.43,
				41.95, 6.68, 42.12, 9.25,
				80.76, 8.52, 5.24, 5.48,
				34.05, 5.17, 51.66, 9.12,
				0.1, 0.02, 86.44, 13.44,
				51.46, 5.17, 35.92, 7.45,
				1.55, 1.81, 85.83, 10.82,
				34.07, 8.2, 45.41, 12.32,
				28.45, 7.03, 59.12, 5.39,
				66.71, 7.19, 19.15, 6.95,
				61.09, 3.94, 31.89, 3.08,
				15.49, 5.56, 55.54, 23.4,
				20.96, 3.25, 66.25, 9.54,
				28.42, 8.56, 55.96, 7.05,
				41.41, 6.97, 42.26, 9.36,
				94.14, 2.83, 1.27, 1.76,
				41.03, 3.39, 47.84, 7.75,
				11.67, 11.49, 71.63, 5.21,
				37.22, 11.7, 47.12, 3.96,
				9.98, 5.72, 77.39, 6.91,
				42.2, 8.93, 42.03, 6.85,
				54.12, 9.74, 27.96, 8.18,
				10.3, 9.05, 60.01, 20.65,
				19.61, 16.71, 57.04, 6.63,
				52.35, 13.76, 27.23, 6.66,
				43.13, 2.61, 50.01, 4.25,
				15.54, 6.77, 61.28, 16.41,
				29.69, 1.85, 54.31, 14.15,
				2.76, 1.27, 80.43, 15.53,
				31.16, 9.79, 48.29, 10.76,
				18.07, 6.75, 65.64, 9.53,
				4.47, 0.73, 76.79, 18.01,
				23.12, 10.96, 59.06, 6.85,
				78.14, 8.12, 9.45, 4.28,
				3.23, 6.17, 85.1, 5.49,
				81.68, 6.99, 7.58, 3.75,
				8.96, 12.65, 66.07, 12.31,
				1.37, 1.72, 80.4, 16.51,
				19.98, 12.75, 57.9, 9.37,
				57.93, 7.08, 27.91, 7.08,
				17.39, 11.82, 59.73, 11.05,
				13.14, 6.32, 65.15, 15.4,
				31.69, 5.41, 47.64, 15.26,
				38.61, 6.34, 47.62, 7.42,
				38.1, 6.25, 52.45, 3.2,
				76.88, 3.24, 17.57, 2.31,
				14.84, 23.53, 52.52, 9.11,
				65.38, 4.77, 26.07, 3.77,
				49.66, 0.87, 42.37, 7.1,
				5.98, 11.43, 76.47, 6.12,
				23.37, 5.49, 47.02, 24.12,
				4.04, 1.81, 77.46, 16.69,
				23.01, 15.15, 55.35, 6.49,
				29.61, 13.33, 40.18, 16.89,
				29.93, 11.19, 54.32, 4.56,
				74.08, 6.74, 15.29, 3.89,
				44.27, 5.57, 43.06, 7.1,
				60.09, 0.36, 28.51, 11.04,
				23.34, 4.1, 52.87, 19.68,
				19.71, 22.61, 53.48, 4.2,
				68.66, 14.13, 11.73, 5.48,
				67.28, 13.12, 11.64, 7.96,
				70.1, 13.94, 11.03, 4.94,
				82.61, 8.13, 5.69, 3.56,
				5.45, 6.58, 73.7, 14.27,
				33.13, 13.48, 46.87, 6.52,
				7.53, 6.22, 82.15, 4.1,
				71.47, 9.29, 14.35, 4.9,
				46.95, 11.95, 33.74, 7.37,
				46.8, 11.61, 33.03, 8.56,
				42.23, 14.01, 32.85, 10.92,
				12.15, 4.08, 67.56, 16.21,
				29.11, 20.85, 43.24, 6.8,
				19.88, 4.14, 60.71, 15.28,
				3.16, 0.98, 79.83, 16.03,
				1.24, 1.81, 91.76, 5.18,
				27.46, 17.74, 47.65, 7.14,
				34.73, 14.37, 42.47, 8.43,
				6.12, 15.22, 72.9, 5.76,
				66.62, 8.69, 22.45, 2.24,
				17.68, 9.45, 68.67, 4.19,
				1.49, 6.06, 84.17, 8.28,
				1.45, 2.8, 83.11, 12.65,
				28.87, 5.54, 62.58, 3.01,
				12.45, 11.89, 58.53, 17.12,
				8.5, 1.44, 77.15, 12.92,
				2.47, 1.11, 80.94, 15.48,
				12.86, 6.69, 75.94, 4.52,
				2.22, 2.68, 83.55, 11.55,
				60.56, 1.53, 30.33, 7.58,
				27.4, 16.63, 49.42, 6.55,
				53.48, 3.8, 35.17, 7.55,
				22.66, 3.85, 61.9, 11.59,
				54.25, 14.49, 24.64, 6.62,
				29.36, 13.32, 54.08, 3.24,
				18.67, 11.51, 56.67, 13.15,
				11.31, 17.33, 66.91, 4.46,
				35.99, 10.8, 47.07, 6.14,
				38.13, 10.76, 45.01, 6.09,
				33.54, 4.81, 49.45, 12.2,
				64.57, 6.35, 23.44, 5.64,
				73.59, 14.24, 6.4, 5.76,
				46.29, 2.23, 40.96, 10.53,
				5.83, 12.98, 72.84, 8.35,
				32.51, 4.26, 54.94, 8.3,
				20.93, 11.19, 61.34, 6.55,
				3.59, 0.31, 85.84, 10.25,
				39.42, 9.5, 46.2, 4.87,
				9.4, 5.46, 82.28, 2.86,
				46.6, 25.81, 20.71, 6.88,
				42.45, 3.33, 52.07, 2.16,
				5.55, 1.5, 81.58, 11.38,
				3.91, 3.28, 81.64, 11.16,
				40.38, 18.16, 35.7, 5.76,
				10.95, 8.21, 72.03, 8.8,
				23.11, 5.54, 64.35, 7,
				16.61, 26.14, 51.63, 5.62,
				24.1, 8.2, 58.73, 8.97,
				24.68, 3.23, 65.34, 6.75,
				45.09, 20.65, 31.1, 3.16,
				51.54, 2.98, 37.84, 7.64,
				28.66, 5.8, 60.13, 5.41,
				93.6, 3.91, 0.87, 1.62,
				42.14, 11.27, 30.73, 15.86,
				5.7, 5.44, 79.41, 9.45,
				27.15, 5.2, 43.59, 24.06,
				64.68, 17.44, 12.33, 5.55,
				54.91, 10.53, 25.8, 8.76,
				73.07, 12.65, 12.1, 2.17,
				36.88, 9.22, 47.44, 6.47,
				18.67, 10.72, 52.78, 17.83,
				13.58, 10.71, 61.55, 14.17,
				56.1, 0.11, 35.29, 8.5,
				28.51, 5.79, 46.19, 19.51,
				55.71, 13.99, 19.36, 10.94,
				13.88, 10.98, 69.76, 5.38,
				44.14, 1.7, 39.42, 14.73,
				73.43, 9.41, 12.9, 4.27,
				49.89, 5.02, 39.29, 5.81,
				66.47, 6.92, 21.98, 4.63,
				69.75, 12.91, 13.15, 4.19,
				26.9, 4.16, 57.64, 11.29,
				0.52, 0.13, 92.31, 7.04,
				9.89, 7.22, 76.05, 6.84,
				4.44, 2.15, 87.3, 6.11,
				90.13, 6.82, 1.03, 2.03,
				43.39, 10.92, 30.8, 14.89,
				54.24, 14.95, 26.88, 3.93,
				50.3, 21.85, 24.02, 3.83,
				36.2, 2.17, 47.29, 14.34,
				23.24, 12.39, 55.54, 8.84,
				10.87, 9.81, 65.81, 13.51,
				32.47, 15.51, 46.88, 5.14,
				62.87, 9.29, 23.2, 4.64,
				9.26, 0.46, 85.9, 4.38,
				2, 1.54, 87.54, 8.92,
				62.44, 11.82, 18.11, 7.63,
				4.23, 4.12, 76.28, 15.37,
				32.71, 15.52, 45.5, 6.28,
				43.04, 7.41, 41.94, 7.61,
				10.56, 14.47, 64.65, 10.32,
				56.59, 16.52, 21.47, 5.42,
				30.43, 22.65, 38.96, 7.96,
				37.51, 4.86, 46.83, 10.8,
				10.99, 4.68, 73.55, 10.78,
				48.27, 4.14, 33.27, 14.33,
				45.44, 24.46, 26.13, 3.97,
				42.47, 16.33, 34.63, 6.56,
				11.22, 11.62, 67.25, 9.91,
				12.45, 1.78, 75.67, 10.1,
				24.72, 12.15, 57.49, 5.64,
